19800101
19800132
19801301
19801332
19810101
19810132
19811301
19811332
19820101
19820132
19821301
19821332
19830101
19830132
19831301
19831332
19840101
19840132
19841301
19841332
19850101
19850132
19851301
19851332
19860101
19860132
19861301
19861332
19870101
19870132
19871301
19871332
19880101
19880132
19881301
19881332
19890101
19890132
19891301
19891332
19900101
19900132
19901301
19901332
19910101
19910132
19911301
19911332
19920101
19920132
19921301
19921332
19930101
19930132
19931301
19931332
19940101
19940132
19941301
19941332
19950101
19950132
19951301
19951332
19960101
19960132
19961301
19961332
19970101
19970132
19971301
19971332
19980101
19980132
19981301
19981332
19990101
19990132
19991301
19991332
